$ 1 0.000005668934240362812 382.76258214399064 52 5 50 5e-11
165 224 208 400 208 6 11.988687375866334
w 224 240 192 240 0
w 192 304 224 304 0
w 192 240 192 208 0
r 192 208 192 144 0 47000
w 192 144 192 128 0
w 224 336 192 336 0
w 192 336 192 304 0
r 192 240 192 304 0 27000
w 192 304 144 304 0
g 144 352 144 368 0 0
w 288 368 288 416 0
w 288 416 80 416 0
209 80 416 80 480 0 0.0000032999999999999997 7.107358716657294 2.5 1
g 80 480 80 496 0 0
w 80 416 80 256 0
r 80 160 80 80 0 12000
209 80 16 80 80 0 0.000009999999999999999 -2.9605991379373258 5 12
w 80 16 192 16 0
r 192 16 192 80 0 4300
I 192 80 80 80 0 0.000001 11.95
w 192 16 272 16 0
r 272 16 272 80 0 43000
I 272 80 192 80 0 0.000001 11.95
w 288 176 288 128 0
R 288 128 288 96 0 0 40 5 0 0 0.5
w 352 240 352 192 0
g 320 368 320 416 0 0
r 80 256 80 160 0 1200
r 352 272 416 272 0 1000
w 416 272 416 432 0
w 416 432 464 432 0
t 464 432 512 432 0 1 0.6581381966683533 0.676063242199534 300 default
g 512 448 512 464 0 0
w 512 416 640 416 0
w 640 416 640 496 0
r 640 496 720 496 0 1000
w 720 496 768 496 0
r 768 496 768 560 0 10000
w 768 560 800 560 0
g 800 560 800 576 0 0
d 800 560 800 496 2 1N4004
w 800 496 768 496 0
r 864 496 928 496 0 4700
w 928 496 928 608 0
r 928 608 1024 608 0 1000
w 80 160 16 160 0
w 928 608 16 608 0
r 16 160 16 240 0 10000
w 16 240 16 608 0
209 640 496 576 496 0 0.0000047 0.010345383799210713 0.013000000000000001 1
r 576 496 512 496 0 5600
c 512 496 512 544 0 4.7000000000000004e-8 0.0037986301445591167 0.00019999999999999998
g 512 544 512 560 0 0
w 512 544 464 544 0
r 464 544 464 496 0 5600
w 512 496 464 496 0
r 464 496 384 496 0 4700
211 352 496 288 496 0 10 22050 1
r 352 192 352 128 0 1000
I 1008 496 928 496 0 0.000001 4.75
x 469 407 778 410 4 24 this\ssection\sbelow\sis\smirrored
x 1051 436 1284 439 4 24 connected\sto\slatch\sQ0
w 352 128 288 128 0
w 192 128 288 128 0
R 1024 608 1072 608 0 0 40 5 0 0 0.5
S 1008 496 1104 496 0 0 false 0 2
R 1104 480 1152 480 0 0 40 5 0 0 0.5
g 1104 512 1152 512 0 0
209 864 496 800 496 0 0.0000032999999999999997 -0.013349716173270633 0.001 1
c 144 352 144 304 0 3.3e-8 -6.709406247003362 0.001
w 352 496 384 496 0
o 71 64 0 4099 0.078125 0.00009765625 0 2 71 3
