$ 1 0.0000026041666666666666 382.76258214399064 59 5 50 5e-11
g 96 112 96 144 0 0
r 160 16 160 -48 0 120000
w 96 32 160 32 0
w 160 32 160 16 0
w 176 32 160 32 0
w 160 -48 160 -64 0
w 160 -64 304 -64 0
r 304 -64 304 -16 0 1000
d 304 -16 304 32 2 default
t 160 80 224 80 0 1 -5.039528576893122 -1.7729251633331238 35 default
w 160 32 160 80 0
w 224 32 224 64 0
w 304 32 224 32 0
r 336 32 400 32 0 390000
r 432 32 432 -32 0 10000
w 432 -32 432 -64 0
w 432 -64 304 -64 0
w 336 32 304 32 0
w 400 32 432 32 0
w 224 96 224 176 0
w 160 176 160 240 0
r 160 240 80 240 0 10000
r 160 240 160 304 0 100000
t 160 240 224 240 0 1 -11.6757076848953 -5.681618179937257 50 default
g 224 256 224 304 0 0
w 224 224 224 176 0
w 224 176 304 176 0
r 304 176 304 112 0 4700
w 304 32 304 112 0
w 304 112 368 112 0
w 368 112 368 224 0
r 368 224 368 288 0 6800
w 368 288 368 368 0
w 368 368 240 368 0
w 176 368 176 448 0
r 176 448 80 448 0 100000
w 80 448 80 416 0
w 80 416 32 416 0
r 176 448 176 512 0 1000000
w 80 416 544 416 0
w 240 368 240 400 0
t 176 448 240 448 0 1 -0.4809475234368179 0.6017908839652388 40 default
w 240 400 240 432 0
g 240 464 240 528 0 0
t 368 112 432 112 0 -1 2.9593703349794707 -0.5554722402279957 45 default
w 432 32 432 96 0
r 432 128 432 192 0 1000
w 432 192 432 224 0
c 432 224 432 272 0 1.0000000000000001e-7 6.089079888350964 0.001
g 432 272 432 304 0 0
165 512 64 576 64 6 11.999999880000003
g 608 224 608 272 0 0
c 576 224 576 304 0 1e-8 7.9999999999999805 1e-8
g 576 304 576 352 0 0
w 640 96 688 96 0
w 688 96 688 416 0
w 688 416 544 416 0
w 640 128 784 128 0
w 512 160 480 160 0
w 480 160 480 192 0
w 480 192 432 192 0
w 512 192 512 224 0
w 512 224 432 224 0
w 512 96 480 96 0
w 480 96 480 128 0
w 480 128 432 128 0
w 432 -64 432 -96 0
w 576 32 576 -64 0
w 576 -64 432 -64 0
R 432 -96 432 -128 0 0 40 12 0 0 0.5
R 176 512 176 544 0 0 40 -12 0 0 0.5
R 160 304 160 336 0 0 40 -12 0 0 0.5
R -32 400 -80 400 0 0 40 12 0 0 0.5
S 32 416 -32 416 0 1 false 0 2
R -32 432 -80 432 0 0 40 -12 0 0 0.5
R 16 256 -32 256 0 0 40 -12 0 0 0.5
S 80 240 16 240 0 0 false 0 2
R 16 224 -32 224 0 0 40 12 0 0 0.5
209 224 32 176 32 0 0.00001 5.039528576893122 0.001 1
209 224 176 160 176 0 0.00001 11.6757076848953 0.001 1
209 240 368 176 368 0 0.00001 0.4809475234368179 0.001 1
r 96 32 96 112 0 10000
155 944 48 1120 48 0 0
w 784 128 784 80 0
w 784 80 944 80 0
155 1200 48 1376 48 0 5
155 944 -208 1120 -208 0 0
155 1200 -208 1376 -208 0 0
w 1200 -176 1120 -176 0
w 1120 -176 1120 -144 0
w 1120 -144 1040 -144 0
w 1120 -176 1120 -256 0
w 1120 -256 912 -256 0
w 912 -256 912 -208 0
w 912 -208 944 -208 0
w 784 80 784 -160 0
w 784 -160 784 -176 0
w 784 -176 944 -176 0
w 1200 -208 1200 -272 0
w 1200 -272 1376 -272 0
w 1376 -272 1376 -144 0
w 1376 -144 1296 -144 0
w 1296 -208 1440 -208 0
w 1296 48 1424 48 0
w 1296 112 1328 112 0
w 1328 112 1328 -96 0
w 1328 -96 1008 -96 0
w 1040 48 1200 48 0
w 1200 80 1120 80 0
w 1120 80 1120 224 0
w 1120 224 784 224 0
w 784 224 784 128 0
150 1008 -80 928 -80 0 2 0 5
w 928 -80 928 48 0
w 928 48 944 48 0
w 1040 112 1072 112 0
w 1072 112 1072 -64 0
w 1072 -64 1008 -64 0
w 1040 -208 1040 -320 0
w 1040 -320 1440 -320 0
r 1440 -320 1552 -320 0 390000
r 1440 -208 1552 -208 0 390000
r 1424 48 1552 48 0 390000
w 1552 -320 1552 -208 0
w 1552 -208 1552 48 0
w 1552 -208 1632 -208 0
211 1632 -208 1760 -208 0 10 48000 1
211 784 128 880 128 0 1 48000 2
o 57 64 0 4099 20 0.0125 0 6 57 3 47 0 47 3 64 0 64 3
o 125 64 0 4099 5 0.00009765625 1 2 125 3
