$ 1 0.0000026041666666666666 382.76258214399064 58 5 43 5e-11
c 80 192 144 192 0 4.6999999999999995e-7 0.0009999978061507875 0.001
d 192 256 192 192 2 1N4148
w 192 192 144 192 0
165 400 256 464 256 1030 11.999999999123874
c 336 32 336 128 0 1.0000000000000001e-7 11.999999173874247 0.001
R 640 16 640 -16 0 0 40 12 0 0 0.5
w 336 16 336 32 0
g 336 128 336 160 0 0
209 640 64 640 112 0 0.00001 11.999999998346153 0.001 1
g 640 112 640 144 0 0
w 640 16 592 16 0
r 592 16 592 112 0 47000
r 592 288 592 352 0 100000
r 624 192 720 192 0 100000
r 720 192 720 16 0 22000
w 720 16 640 16 0
w 720 192 800 192 0
g 864 192 896 192 0 0
w 800 192 800 288 0
r 800 288 912 288 0 22
w 800 288 800 368 0
r 800 416 800 512 0 1000000
w 800 512 352 512 0
w 352 512 352 560 0
w 352 560 480 560 0
w 352 560 352 624 0
w 352 624 480 624 0
d 560 624 480 624 2 1N4148
r 560 624 560 560 0 220000
I 480 560 560 560 0 0.5 5
w 560 560 640 560 0
I 640 560 720 560 0 0.5 5
c 720 560 720 624 0 4.6999999999999995e-7 4.848352021376809 0.001
w 432 16 496 16 0
w 496 16 592 16 0
w 464 224 464 96 0
w 464 96 496 96 0
w 496 96 496 16 0
w 400 288 400 64 0
w 400 64 432 64 0
w 432 64 432 16 0
w 400 320 192 320 0
w 192 320 192 256 0
g 432 416 432 448 0 0
w 800 368 800 416 0
c 464 416 464 448 0 1e-8 8.00000000000003 0.001
g 464 448 464 480 0 0
w 528 384 560 384 0
w 528 352 560 352 0
w 560 352 560 384 0
c 560 384 560 432 0 1e-8 6.244708722660469 0.001
g 560 432 560 464 0 0
w 560 352 592 352 0
w 528 288 592 288 0
w 624 192 192 192 0
w 592 112 592 288 0
209 800 192 864 192 0 0.0000022 11.990870147430464 1 1
w 720 624 560 624 0
w 720 560 720 384 0
r 720 384 720 320 0 150000
w 720 320 720 288 0
w 720 288 592 288 0
t 976 304 912 304 0 1 -21.8856069702477 -9.894736823564717 20 default
g 912 320 912 368 0 0
w 976 304 1008 304 0
r 1008 304 1008 144 0 1000
r 1008 304 1008 416 0 4700
g 1008 416 1008 480 0 0
S 1008 144 1008 64 0 0 false 0 2
R 1024 64 1024 16 0 0 40 12 0 0 0.5
R 992 64 992 16 0 0 40 -12 0 0 0.5
r 432 16 336 16 0 0.000001
r 640 64 640 16 0 0.000001
211 80 192 -32 192 0 1 48000 1
o 73 64 0 4098 20 0.1 0 1
