$ 1 0.0000026041666666666666 285.9303473255704 12 5 50 5e-11
w 160 272 160 176 0
w 160 176 512 176 0
r 512 176 512 240 0 10000
w 512 240 480 240 0
d 432 240 480 240 2 1N4148
w 432 240 384 240 0
w 384 240 384 272 0
w 384 272 432 272 0
w 384 272 320 272 0
r 320 272 320 224 0 100000
R 320 224 320 192 0 0 40 12 0 0 0.5
w 320 224 256 224 0
t 288 288 320 288 0 1 0.6002944482025647 0.6206845743912002 20 default
r 256 224 256 288 0 120000
w 256 288 288 288 0
r 256 288 256 352 0 10000
g 256 352 256 384 0 0
w 320 304 320 352 0
S 320 352 320 432 0 1 false 0 2
R 336 432 336 480 0 0 40 12 0 0 0.5
R 304 432 304 480 0 0 40 -12 0 0 0.5
I 432 304 512 304 0 0.5 12
w 432 272 432 304 0
r 512 240 512 304 0 10000
I 512 304 592 304 0 0.5 12
w 592 304 592 240 0
c 592 240 512 240 2 4.7e-8 0.000021760000000072166 0.001
211 656 304 800 304 0 1 48000 1
w 592 304 656 304 0
c 160 272 160 336 0 1e-7 21.58348935304344 0.001
g 192 432 192 464 0 0
j 160 416 192 416 32 -4 0.00125
w 160 336 160 416 0
g -32 272 -32 320 0 0
212 -32 240 128 240 0 2 B\p24/5*A-12
w -2464 416 -2432 416 0
w -2304 192 -2288 192 0
w -2304 -80 -2304 192 0
w -2320 -272 -2320 -224 0
w -2288 -272 -2320 -272 0
w -2288 -336 -2288 -272 0
w -2288 -240 -2288 -224 0
w -2256 -240 -2288 -240 0
152 -2304 -224 -2304 -80 0 2 0 5
w -2416 352 -2416 384 0
w -2208 352 -2416 352 0
w -1552 -608 -1712 -608 0
w -1552 -320 -1552 -608 0
150 -1696 -320 -1552 -320 0 2 0 5
w -2160 -336 -1696 -336 0
w -1696 -304 -1712 -304 0
w -1888 -288 -1872 -288 0
w -1888 -256 -1888 -288 0
w -1872 -320 -2048 -320 0
w -2048 -304 -2048 -320 0
w -2160 -304 -2048 -304 0
w -2048 -272 -2160 -272 0
w -2160 -240 -2048 -240 0
w -1936 176 -1920 176 0
w -1936 288 -1936 176 0
w -1728 176 -1920 176 0
w -1712 208 -1696 208 0
w -1728 176 -1696 176 0
w -1920 288 -1920 400 0
w -2256 400 -1920 400 0
w -1696 208 -1696 288 0
w -2080 304 -2064 304 0
w -2080 336 -2080 304 0
w -2064 256 -2064 272 0
w -2080 256 -2064 256 0
152 -2064 288 -1936 288 0 2 0 5
w -2208 240 -2208 -48 0
w -2672 272 -2672 208 0
w -2208 272 -2672 272 0
w -2672 -80 -2672 208 0
w -2672 -416 -2672 -80 0
150 -2208 256 -2080 256 0 2 0 5
w -2224 320 -2208 320 0
w -2224 112 -2224 320 0
w -1696 112 -2224 112 0
150 -2208 336 -2080 336 0 2 0 5
w -1920 224 -1920 288 0
w -1920 192 -2288 192 0
152 -1920 208 -1712 208 0 2 0 5
w -2432 416 -2416 416 0
w -2448 384 -2416 384 0
150 -2416 400 -2256 400 0 2 0 5
w -2720 384 -2448 384 0
w -2720 -352 -2720 384 0
R -2464 416 -2592 416 1 2 32000 2.5 2.5 0 0.05
w -1120 112 -1696 112 0
w -16 64 -16 176 0
w -480 64 -16 64 0
w -480 96 -464 96 0
w -464 176 -464 96 0
w -704 112 -704 176 0
w -928 96 -912 96 0
w -928 128 -928 176 0
w -16 176 -32 176 0
w -128 288 -336 288 0
w -128 208 -128 288 0
w -144 176 -128 176 0
155 -128 176 32 176 0 5
154 -480 80 -704 80 0 2 5 5
154 -704 96 -912 96 0 2 5 5
154 -928 112 -1120 112 0 2 5 5
w -560 288 -336 288 0
w -800 288 -560 288 0
w -1024 288 -800 288 0
w -1248 288 -1024 288 0
w -1536 288 -1248 288 0
w -1696 288 -1536 288 0
w -1536 208 -1536 288 0
w -1248 208 -1248 288 0
w -1024 208 -1024 288 0
w -800 208 -800 288 0
w -560 208 -560 288 0
w -336 208 -336 288 0
w -1472 208 -1536 208 0
w -2256 -608 -1712 -608 0
w -2256 -608 -2256 -240 0
w -3008 -608 -2256 -608 0
w -3008 -560 -3008 -608 0
w -2864 -384 -2816 -384 0
w -2864 -544 -2864 -384 0
w -3152 -528 -3008 -528 0
w -3152 -416 -3152 -528 0
152 -3008 -544 -2864 -544 0 2 0 5
w -3152 -416 -2816 -416 0
w -2480 -320 -2416 -320 0
w -2416 -416 -2416 -352 0
w -2672 -416 -2416 -416 0
w -2288 -336 -2256 -336 0
w -2720 -416 -2672 -416 0
155 -336 176 -304 176 0 5
155 -560 176 -544 176 0 0
155 -800 176 -736 176 0 0
155 -1024 176 -1008 176 0 0
155 -1248 176 -1184 176 0 0
155 -1472 176 -1408 176 0 5
155 -1696 176 -1600 176 0 0
155 -2816 -416 -2768 -416 0 5
150 -2416 -336 -2288 -336 0 2 0 5
R -3264 -416 -3344 -416 0 0 40 5 0 0 0.5
s -3264 -416 -3152 -416 0 1 true
R -2480 -320 -2576 -320 1 2 64000 2.5 2.5 0 0.05
150 -2048 -256 -1888 -256 0 2 0 5
150 -1872 -304 -1712 -304 0 2 0 5
164 -2256 -336 -2208 -336 0 4 0 0 0 0 false 0
188 -2304 -80 -2176 -80 2 8 2
w -240 176 -144 176 0
w -336 176 -464 176 0
w -704 176 -560 176 0
w -928 176 -800 176 0
w -1152 176 -1024 176 0
w -1376 176 -1248 176 0
w -1600 176 -1472 176 0
g 64 272 64 320 0 0
w 64 240 112 240 0
w 112 240 112 272 0
w 112 272 160 272 0
o 160 8 0 4099 20 0.003125 0 2 160 3
