$ 1 0.0000026041666666666666 285.9303473255704 50 5 50 5e-11
R 160 272 96 272 0 6 40 24 -12 0 0.159154943092
w 160 272 160 176 0
w 160 176 512 176 0
r 512 176 512 240 0 10000
w 512 240 480 240 0
d 432 240 480 240 2 1N4148
w 384 240 384 272 0
w 384 272 320 272 0
r 320 272 320 224 0 100000
R 320 224 320 192 0 0 40 12 0 0 0.5
w 320 224 256 224 0
t 288 288 320 288 0 1 -0.6523575666124779 -11.07692306481966 20 default
r 256 224 256 288 0 120000
w 256 288 288 288 0
r 256 288 256 352 0 10000
g 256 352 256 384 0 0
w 320 304 320 352 0
S 320 352 320 432 0 0 false 0 2
R 336 432 336 480 0 0 40 12 0 0 0.5
R 304 432 304 480 0 0 40 -12 0 0 0.5
I 432 304 512 304 0 0.5 11.95
r 512 240 512 304 0 10000
I 512 304 592 304 0 0.5 11.95
w 592 304 592 240 0
c 592 240 512 240 2 4e-8 12.473692866592785 1
211 720 304 800 304 0 1 48000 1
w 656 304 720 304 0
c 160 272 160 336 0 1.0000000000000001e-7 11.651765090582717 6
g 192 432 192 464 0 0
j 160 416 192 416 32 -4 0.00125
w 160 336 160 416 0
r 592 304 656 304 0 100000
w 432 272 432 304 0
w 432 272 384 272 0
r 432 240 384 240 0 130000
o 26 64 0 4099 20 0.00009765625 0 2 26 3
