$ 1 0.000005668934240362812 382.76258214399064 21 5 50 5e-11
w -1104 -400 -352 -400 0
w -352 -400 192 -400 0
w 352 -400 192 -400 0
165 2096 656 2208 656 1030 0.000005861006514932546
t 1920 768 1968 768 0 1 -17.99999960697501 -5.999999907975002 20 default
g 1968 784 1968 816 0 0
r 1920 768 1920 832 0 10000
g 1920 832 1920 864 0 0
r 1920 768 1856 768 0 10000
S 1856 768 1760 768 0 0 false 0 2
R 1760 752 1728 752 0 0 40 12 0 0 0.5
R 1760 784 1728 784 0 0 40 -12 0 0 0.5
w 1968 752 1968 720 0
w 1968 720 1968 688 0
c 2160 816 2160 864 0 1e-8 7.999999999999995 0.001
g 2128 816 2128 880 0 0
w 1984 720 1968 720 0
w 2224 752 1984 752 0
w 1984 720 1984 752 0
w 2096 720 2336 720 0
w 2224 688 2288 688 0
r 2288 688 2288 624 0 470000
r 2288 688 2288 816 0 1000
g 2288 864 2288 896 0 0
w 2160 624 2160 592 0
w 2160 592 2288 592 0
w 2288 592 2288 624 0
r 1968 688 1968 608 0 10000
w 2160 592 1968 592 0
w 1968 592 1968 608 0
w 1968 688 1920 688 0
w 2336 720 2336 480 0
w 2288 592 2416 592 0
w 2608 592 2736 592 0
g 2736 832 2736 864 0 0
r 2736 688 2736 784 0 1000
r 2736 656 2736 592 0 470000
w 2672 656 2736 656 0
w 2672 720 2432 720 0
g 2576 784 2576 848 0 0
c 2608 784 2608 832 0 1e-8 7.999999999999995 0.001
w 2416 688 2416 656 0
165 2544 624 2656 624 1030 0.000031363109247701676
w 2432 720 2416 720 0
w 2416 720 2416 688 0
c 2768 688 2832 688 0 0.00001 0.3163772618481799 0.001
r 2832 688 2832 752 0 100
d 2832 816 2832 752 2 1N4148
g 2832 816 2832 880 0 0
w 2544 688 2736 688 0
w 2736 688 2736 656 0
w 2736 688 2768 688 0
w 2608 592 2416 592 0
w 2416 560 2416 656 0
w 2336 480 2848 480 0
209 2848 480 2848 528 0 0.0000047 0.25503248764736175 1 1
r 2848 528 2848 592 0 100
d 2848 624 2848 592 2 1N4148
g 2848 624 2848 640 0 0
w 2848 528 2928 528 0
w 2832 688 2960 688 0
w 2928 528 2928 512 0
w 2928 528 2928 544 0
r 2928 512 3056 512 0 100000
r 2928 544 3056 544 0 100000
w 3056 512 3056 464 0
r 3056 464 3152 464 0 100000
w 3152 464 3152 528 0
w 3056 544 3056 576 0
w 3152 528 3232 528 0
w 3184 688 3264 688 0
w 3088 704 3088 736 0
w 3184 624 3184 688 0
r 3088 624 3184 624 0 100000
w 3088 672 3088 624 0
r 2960 704 3088 704 0 100000
r 2960 672 3088 672 0 100000
w 2960 672 2960 688 0
w 2960 704 2960 688 0
j 3024 592 3056 592 32 -30 0.00125
j 3056 752 3088 752 32 -30 0.00125
g 3088 768 3088 816 0 0
g 3056 608 3056 624 0 0
w 2896 448 2896 592 0
w 2896 592 3024 592 0
w 2896 592 2896 752 0
w 2896 752 3056 752 0
w 3264 688 3264 400 0
w 3232 528 3344 528 0
w 3264 400 3312 400 0
r 3312 400 3408 400 0 15000
c 3408 400 3408 464 0 4.6999999999999995e-7 0.004163536626050804 0.001
r 3408 400 3504 400 0 15000
c 3504 400 3504 448 0 4.7000000000000004e-8 0.06569527487755032 0.001
g 3504 448 3504 464 0 0
w 3408 464 3408 480 0
w 3408 480 3584 480 0
w 3504 400 3552 400 0
w 3552 368 3552 320 0
w 3648 320 3648 384 0
w 3648 384 3648 480 0
w 3648 480 3584 480 0
w 3648 384 3712 384 0
209 3712 384 3776 384 0 0.000001 -0.0014485515063784177 2 2
r 3776 384 3856 384 0 1000
174 3856 384 3936 384 1 100000 0.42080000000000006 Resistance
w 3952 384 3952 352 0
w 3952 352 3904 352 0
w 3904 352 3904 368 0
w 3952 384 3984 384 0
w 3984 384 3984 416 0
g 4048 448 4048 480 0 0
w 3984 416 4048 416 0
w 3984 416 3984 528 0
r 3984 528 4144 528 0 100000
w 4144 432 4144 528 0
211 4144 432 4240 432 0 1 22050 1
w 3936 576 3936 592 0
w 3984 576 3936 576 0
w 3984 608 3984 576 0
174 3888 608 3968 608 1 100000 0.18320000000000003 Resistance
r 3808 608 3888 608 0 1000
w 3680 608 3744 608 0
w 3680 544 3680 608 0
r 3344 528 3440 528 0 100000
c 3744 608 3808 608 0 1e-7 0.008424044836973461 0.001
w 3984 576 3984 528 0
w 3440 528 3440 672 0
g 3584 624 3584 656 0 0
w 3680 608 3680 640 0
c 3680 640 3680 688 0 1e-8 -0.02526086884136532 0.001
w 3680 688 3616 688 0
w 3616 688 3616 720 0
w 3616 720 3568 720 0
r 3568 720 3488 720 0 1000
g 3488 720 3488 752 0 0
w 3616 688 3520 688 0
c 3520 688 3520 592 0 1e-8 -0.0012570531937478406 0.001
w 3520 592 3584 592 0
r 3680 544 3584 544 0 1000000
w 3584 544 3520 544 0
w 3520 544 3520 592 0
w 3440 672 3440 688 0
w 3440 688 3520 688 0
w 2512 448 1968 448 0
209 2288 816 2288 864 0 0.000001 0.00025531371672945325 0.001 0.001
w 2288 816 2256 816 0
w 2256 816 2256 784 0
w 2256 784 2224 784 0
w 2672 752 2688 752 0
w 2688 752 2688 784 0
w 2688 784 2736 784 0
I 2416 656 2544 656 0 0.5 5
I 1968 688 2096 688 0 0.5 5
R 2608 592 2608 544 0 0 40 12 0 0 0.5
a 3088 688 3184 688 8 15 -15 1000000 -0.00012136695054710814 -0.00011820591889872974 100000
a 3056 528 3152 528 8 15 -15 1000000 -0.00009784169858250394 -0.00009529338915006712 100000
a 3552 384 3648 384 8 15 -15 1000000 0.065694617931371 0.06569527487755032 100000
a 3584 608 3680 608 8 15 -15 1000000 2.6517656858544576e-7 0 100000
a 4048 432 4144 432 8 15 -15 1000000 -2.4998605767838347e-7 0 100000
c 2512 448 2576 448 0 1.0000000000000001e-7 13.38589950633954 0.001
w 2576 448 2896 448 0
R 1968 448 1920 448 0 6 40 24 -12 0 0.5
w 2416 560 1920 560 0
w 1920 560 1920 688 0
w 3648 320 3552 320 0
g 2608 832 2608 864 0 0
g 2160 864 2160 896 0 0
r 4144 432 4144 352 0 10000
g 4144 352 4144 304 0 0
209 2736 784 2736 832 0 0.0000022 0.000029180271500623682 1 1
o 116 64 0 4098 20 0.1 0 1
