$ 1 0.000002834467120181406 382.76258214399064 21 5 43 5e-11
R 112 448 48 448 0 6 500 5 0 0 0.159154943092
w 192 448 240 448 0
w 240 448 288 448 0
w 288 448 336 448 0
w 336 448 384 448 0
211 384 448 464 448 0 5 44100 1
155 224 96 256 96 0 5
155 368 96 400 96 0 5
w 224 48 224 96 0
w 176 128 224 128 0
w 224 128 224 192 0
w 224 192 368 192 0
w 368 192 368 128 0
w 320 96 368 96 0
w 208 240 208 256 0
c 240 352 240 448 0 1.0000000000000001e-7 0.048107845419716494 0
c 304 352 288 448 0 1.0000000000000001e-7 -0.012516527106544315 0
c 368 352 336 448 0 1.0000000000000001e-7 -0.3293912237853685 0
c 432 352 384 448 0 1.0000000000000001e-7 0.06680720884527663 0
w 336 160 336 256 0
w 464 96 464 208 0
w 336 256 400 256 0
r 192 448 112 448 0 10000
c -32 272 -80 272 0 0.00025 3.1825617344898296 2
w -80 320 -208 320 0
w -80 272 -80 320 0
w -80 224 -80 272 0
R -48 96 0 96 0 0 40 5 0 0 0.5
w 32 272 -32 272 0
w -208 192 -176 192 0
w -176 192 -176 160 0
L 32 336 160 336 0 0 false 5 0
L 96 272 160 272 0 0 false 5 0
r 32 272 96 272 0 10000
r 32 272 32 336 0 10000
w 32 224 32 272 0
w -112 224 32 224 0
w -208 272 -208 320 0
r -208 32 -208 96 0 10000
w -112 32 -208 32 0
R -112 32 -112 0 0 0 40 5 0 0 0.5
g -208 320 -208 336 0 0
c -208 192 -208 272 0 1e-8 2.609049483387187 0.001
r -208 96 -208 192 0 3300
w -176 96 -208 96 0
165 -176 64 -128 64 4 0
I 32 128 176 128 0 0.5 5
w -48 128 32 128 0
w 224 48 496 48 0
w 496 48 496 160 0
w 496 160 464 160 0
w 496 160 496 224 0
w 496 224 304 224 0
w 304 224 304 256 0
w 496 224 496 256 0
w 496 256 432 256 0
w 464 240 368 240 0
w 368 240 368 256 0
w 464 208 240 208 0
w 240 208 240 256 0
w 464 208 464 240 0
w 336 160 320 160 0
w 320 96 320 64 0
w 208 240 272 240 0
w 272 240 272 256 0
w 320 64 208 64 0
w 208 64 208 240 0
. default 0 1 1 1 gnd 1 0 2 GroundElm\s1 0\s0
. Open-Collector\sNAND 0 2 2 3 A 5 0 0 B 6 1 0 Q 9 1 1 ResistorElm\s1\s2\rResistorElm\s1\s3\rDiodeElm\s4\s5\rDiodeElm\s4\s6\rNTransistorElm\s2\s7\s4\rNTransistorElm\s7\s3\s8\rNTransistorElm\s8\s9\s0\rResistorElm\s8\s0\rRailElm\s1\rCustomCompositeElm\s10 0\\s4000\s0\\s1600\s2\\sdefault\s2\\sdefault\s0\\s1\\s0.589034423247973\\s0.5887770579403016\\s100\\sdefault\s0\\s1\\s0.587872305904948\\s0.6325747926541315\\s100\\sdefault\s0\\s1\\s0.6220646537245046\\s0.6399929055520278\\s100\\sdefault\s0\\s1000\s0\\s0\\s40\\s5\\s0\\s0\\s0.5\s1\\sdefault\\s1\\\\s0
410 368 288 368 352 1 Open-Collector\sNAND 0\s4000 0\s1600 2\sdefault 2\sdefault 0\s1\s0.5948878750621771\s0.6128159171636988\s100\sdefault 0\s1\s-4.567143378297014\s0.42873184348056315\s100\sdefault 0\s1\s-0.037189115147369875\s0.0015961756970320417\s100\sdefault 0\s1000 0\s0\s40\s5\s0\s0\s0.5 1\sdefault\s1\\s0
410 304 288 304 352 1 Open-Collector\sNAND 0\s4000 0\s1600 2\sdefault 2\sdefault 0\s1\s0.5946580410719495\s0.6125855725276765\s100\sdefault 0\s1\s-4.525671088523687\s0.46041281993281524\s100\sdefault 0\s1\s0.36272280342615326\s0.005309661639910015\s100\sdefault 0\s1000 0\s0\s40\s5\s0\s0\s0.5 1\sdefault\s1\\s0
410 240 288 240 352 1 Open-Collector\sNAND 0\s4000 0\s1600 2\sdefault 2\sdefault 0\s1\s0.5946580052464194\s0.612585845968088\s100\sdefault 0\s1\s-4.525707709498597\s0.46032188707147476\s100\sdefault 0\s1\s0.045944613328094804\s0.005406168220675779\s100\sdefault 0\s1000 0\s0\s40\s5\s0\s0\s0.5 1\sdefault\s1\\s0
410 176 288 176 352 1 Open-Collector\sNAND 0\s4000 0\s1600 2\sdefault 2\sdefault 0\s1\s0.5890176310962245\s0.588748903193163\s100\sdefault 0\s1\s0.5878669677710494\s0.6325648521076256\s100\sdefault 0\s1\s0.6219882376645829\s0.6420741650834246\s100\sdefault 0\s1000 0\s0\s40\s5\s0\s0\s0.5 1\sdefault\s1\\s0
o 0 1 0 4099 10 0.00078125 0 2 0 3
o 5 4 0 4106 0.625 0.1 1 1
o 10 1 0 4107 5 0.00009765625 2 2 10 3
o 36 1 0 4098 5 0.0015625 3 2 36 3
