$ 1 0.0000026041666666666666 382.76258214399064 56 5 50 5e-11
165 240 128 256 128 4 4.996984511571922
w 240 160 208 160 0
r 208 160 208 96 0 390000
w 208 96 304 96 0
w 208 256 240 256 0
g 208 304 208 320 0 0
w 208 224 208 256 0
w 208 224 240 224 0
r 208 160 208 224 0 470000
g 336 288 336 304 0 0
d 448 160 448 336 2 1N4148
w 448 336 304 336 0
209 304 336 304 368 0 0.000009999999999999999 3.8120297365038964 3.333 1
g 304 368 304 384 0 0
w 304 336 304 288 0
w 448 160 368 160 0
w 448 160 512 160 0
r 512 160 576 160 0 4700
w 512 160 512 240 0
209 512 240 512 288 0 0.0000022 4.325038071481842 0.000019999999999999998 1
211 640 240 672 304 0 10 48000 1
g 512 288 512 336 0 0
S 576 160 656 160 0 0 false 0 2
g 656 176 688 176 0 0
R 656 144 704 144 0 0 40 5 0 0 0.5
w 368 192 560 192 0
r 560 192 560 240 0 10
209 560 240 640 240 0 0.0000047 3.45908541325188 1 1
g 704 240 736 240 0 0
r 704 240 640 240 0 500
c 208 256 208 304 0 1.8000000000000002e-9 2.721461023681138 3
R 304 96 304 48 0 0 40 5 0 0 0.5
o 20 64 0 4098 5 0.1 0 1
