$ 1 0.000002834467120181406 49.687244006919805 50 5 43 5e-11
d 160 208 128 208 2 1N4148
d 208 144 208 192 2 1N4148
209 208 240 208 288 0 0.000022 1.6971800043086083 1 1
t 240 208 304 208 0 1 -3.302819995691392 0.5913008799413499 100 default
R 208 80 208 48 0 0 40 5 0 0 0.5
R 128 208 96 208 0 0 40 5 0 0 0.5
R 304 192 304 144 0 0 40 5 0 0 0.5
r 208 80 208 144 0 68000
w 160 208 208 208 0
w 208 192 208 208 0
w 208 208 208 240 0
w 208 208 240 208 0
w 304 224 336 224 0
r 336 224 336 288 0 1000
g 336 288 336 320 0 0
g 208 288 208 320 0 0
w 336 224 384 224 0
r 384 224 448 224 0 5600
165 512 96 528 96 6 4.999999950000001
w 576 64 576 16 0
R 576 16 576 -32 0 0 40 5 0 0 0.5
c 464 16 464 48 0 1e-7 5 0.001
g 464 48 464 80 0 0
w 448 224 448 272 0
w 448 272 576 272 0
w 576 272 576 256 0
g 608 256 608 288 0 0
w 512 224 512 320 0
w 512 192 512 224 0
w 512 320 720 320 0
w 720 320 720 224 0
w 720 224 752 224 0
c 752 224 752 272 0 1e-8 2.244487957354162 0.001
g 752 272 752 304 0 0
r 752 224 752 144 0 47000
r 752 144 752 64 0 33000
R 752 64 752 32 0 0 40 5 0 0 0.5
w 512 128 512 48 0
w 512 48 688 48 0
w 688 48 688 144 0
w 688 144 752 144 0
w 640 128 640 -80 0
w 640 -80 416 -80 0
w 416 -80 128 -80 0
w 128 -80 128 192 0
t 752 224 832 224 0 1 -2.755512042645838 0.6080455444025357 100 default
R 832 208 832 160 0 0 40 5 0 0 0.5
w 832 240 880 240 0
r 880 240 880 304 0 1000
g 880 304 880 336 0 0
w 880 240 928 240 0
211 928 240 1024 240 0 2 48000 1
w 128 192 128 208 0
r 464 16 576 16 0 0.001
o 50 64 0 4099 5 0.00009765625 0 2 50 3
